357.272 19.4215 752.302 465.991
475.431 19.9165 432.857 108.109
383.436 22.4496 695.635 310.41
388.938 22.2615 633.547 254.386
384.058 47.9601 261.078 340.946
344.071 59.7557 381.118 109.885
374.139 60.5778 783.164 406.9
367.573 63.2305 360.309 136.521
341.806 76.0132 161.508 240.382
434.082 92.111 459.459 448.658
448.127 92.1349 298.059 398.97
402.094 118.235 775.03 279.375
418.005 118.057 739.394 364.402
425.638 117.895 80.1125 449.05
400.406 121.299 770.603 310.737
344.617 123.983 345.184 177.345
382.603 124.267 370.523 178.575
314.895 124.716 324.213 177.953
320.91 124.611 128.374 474.116
533.236 136.598 293.225 287.529
367.244 146.415 35.895 530.829
421.745 146.68 756.443 442.12
463.406 146.542 672.086 573.026
319.63 147.086 46.7926 438.761
304.702 147.473 35.3651 411.459
414.839 149.713 782.515 359.644
496.83 150.429 299.309 512.363
327.305 152.993 794.294 212.066
468.549 157.066 152.396 231.222
323.459 158.515 771.488 340.735
348.127 170.09 794.76 454.792
353.604 174.126 50.0574 439.027
402.952 177.806 686.964 403.36
376.322 179.121 339.327 238.732
265.908 184.48 762.668 221.409
358.153 189.946 464.757 517.092
393.309 193.919 89.724 355.537
240.668 201.886 288.44 383.149
148.656 202.917 511.794 386.163
408.483 204.539 402.004 415.524
130.668 204.977 198.908 231.755
133.602 205.967 201.638 233.369
528.939 206.733 639.491 575.85
362.677 208.068 356.557 235.437
394.083 211.016 522.828 549.022
100.601 213.416 179.36 238.377
47.7245 216.024 143.006 240.605
660.731 216.17 677.237 287.074
404.704 224.338 780.835 337.118
553.924 224.639 289.129 276.84
21.1282 226.853 112.925 372.463
781.654 227.317 641.37 249.04
237.439 227.822 448.933 459.306
226.438 229.438 787.552 195.843
287.345 229.345 777.597 472.719
674.958 230.238 670.001 331.313
217.573 231.568 744.567 310.397
706.01 232.463 740.226 369.932
217.908 234.222 743.593 288.618
122.053 237.388 357.387 105.858
453.036 241.02 383.276 530.144
528.317 241.479 469.083 288.264
455.567 243.06 419.572 226.774
365.343 243.702 565.565 507.87
358.232 244.533 425.294 318.266
637.758 244.349 770.063 536.995
266.505 245.06 503.678 230.948
208.142 245.523 249.044 528.81
287.049 250.585 306.133 264.688
457.836 251.886 33.2871 564.689
95.6933 261.321 13.1579 497.259
287.719 263.27 305.841 272.59
696.842 266.045 139.103 515.127
519.03 267.148 751.457 227.789
323.349 267.818 791.217 192
317.188 270.184 684.555 547.319
85.805 271.74 168.478 278.207
372.444 274.03 37.8156 469.059
554.586 275.439 736.435 340.934
726.362 281.449 602.686 286.059
698.495 282.392 446.369 528.399
655.258 283.913 555.099 286.957
290.143 288.936 499.734 288.121
508.743 292.363 456.494 323.419
707.111 293.571 61.7097 586.336
482.274 298.489 766.492 534.662
707.454 298.975 633.714 274.974
214.181 300.644 255.339 268.967
306.724 304.422 556.225 495.653
29.936 306.089 693.903 345.509
133.558 305.879 151.628 240.883
90.8192 307.706 398.804 205.338
324.163 307.408 783.265 338.977
235.345 309.406 316.808 523.784
108.752 310.527 229.354 264.952
352.345 313.407 349.656 306.506
653.55 313.765 737.946 421.853
505.967 319.912 457.211 177.343
248.317 324.253 779.059 288.032
89.8432 330.25 170.969 322.888
111.076 329.867 21.6273 291.17
737.519 332.582 191.604 563.202
89.7312 337.65 459.755 205.688
658.818 338.391 768.434 327.002
235.584 347.171 269.996 330.26
713.471 349.592 8.96313 557.999
679.739 349.818 22.7731 582.754
84.486 352.608 300.916 592.981
736.928 354.133 757.406 482.04
391.906 354.977 788.515 232.676
327.917 356.511 340.505 394.606
690.543 356.904 486.203 554.013
51.8693 360.376 63.2901 435.817
740.939 360.598 771.79 209.058
100.291 362.839 82.3296 495.043
131.355 365.269 199.215 341.587
15.1396 368.569 118.702 344.081
74.0338 368.594 621.447 550.725
653.879 369.565 172.523 302.673
105.479 373.088 79.8553 554.198
745.54 374.217 290.847 565.569
27.3072 374.261 407.816 518.306
59.0754 374.42 549.408 532.338
123.626 376.493 147.935 453.392
645.3 377.287 169.229 338.03
112.459 377.677 580.934 446.951
46.4426 379.726 649.204 372.209
59.2797 379.759 69.6206 566.129
392.106 384.113 377.424 531.015
354.912 391.071 105.525 465.458
352.341 396.493 417.274 272.339
673.143 398.085 366.672 557.319
754.389 398.065 629.447 585.079
65.7479 398.523 569.084 332.02
29.7867 400.705 114.268 239.297
67.9958 400.821 492.794 588.639
506.905 406.397 795.867 273.679
392.146 409.721 22.8692 445.703
33.7673 410.127 265.086 542.17
394.747 410.798 41.7222 512.374
514.544 414.712 599.358 428.191
531.896 415.864 665.989 329.822
496.926 419.928 445.155 409.106
473.846 420.333 430.592 318.976
18.2086 421.734 421.671 553.957
64.8885 422.736 308.818 525.27
555.707 422.945 699.216 240.879
447.047 426.697 549.665 497.488
119.339 426.778 226.446 565.946
711.199 428.995 736.144 568.177
273.586 431.012 794.573 257.132
113.776 437.097 686.053 490.417
355.526 436.935 86.4115 470.84
723.024 437.016 409.626 588.439
705.877 438.07 401.266 540.638
330.307 439.539 790.445 459.887
476.257 440.54 402.485 178.124
483.255 441.947 393.2 360.024
786.334 442.52 751.898 394.228
705.995 445.31 361.363 465.577
789.057 445.352 756.493 544.403
419.777 445.943 346.481 450.075
681.732 445.838 789.992 350.698
134.488 446.489 456.462 167.066
132.023 447.756 680.719 240.935
51.8051 452.76 277.586 522.979
301.041 455.84 102.475 233.051
375.231 456.733 163.013 376.874
365.023 462.802 775.019 257.215
659.97 464.002 79.006 445.686
125.935 465.566 542.423 572.079
559.342 469.088 491.588 350.063
460.275 470.323 446.177 193.367
688.302 474.345 99.8851 558.387
696.094 475.799 669.749 591.999
104.734 476.715 591.092 561.607
370.126 478.573 436.062 354.043
719.794 478.185 560.89 520.907
550.089 479.32 769.969 228.032
279.04 482.974 475.683 455.794
97.163 485.179 45.9591 399.431
76.3821 486.656 121.633 259.64
700.953 490.952 595.358 429.01
303.468 491.595 316.909 520.305
312.779 492.162 324.878 521.163
422.475 492.252 404.445 461.425
490.638 493.862 255.529 303.441
44.9763 495.909 42.884 428.532
516.082 496.338 288.222 303.823
373.354 501.501 25.5374 342.465
57.4039 503.966 734.444 458.38
298.182 507.466 490.432 231.125
32.8255 509.456 638.152 564.03
100.803 510.546 170.808 579.503
381.443 516.469 788.408 417.674
430.25 517.449 742.22 317.062
684.424 518.688 684.773 549.466
9.38383 519.095 18.6529 509.428
313.18 519.599 322.819 446.704
322.432 519.333 336.552 446.848
11.6804 521.045 18.8142 512.194
58.2045 522.642 356.513 549.22
443.502 523.504 796.226 233.633
63.5945 524.527 175.318 580.356
535.98 524.366 474.099 449.549
459.956 526.628 751.37 204.642
65.2361 526.795 119.452 560.369
47.4979 529.345 720.174 568.458
487.03 529.432 332.706 300.353
16.1141 529.916 356.104 490.874
306.174 530.539 258.19 244.477
345.204 535.837 794.428 416.364
97.447 536.797 480.364 500.233
318.062 537.888 349.921 454.949
58.8859 538.326 664.548 390.228
16.3857 543.176 248.779 513.797
750.17 545.605 307.569 573.887
65.232 546.492 596.273 364.145
106.757 549.777 73.6842 560.878
19.6024 550.573 111.902 341.518
225.058 551.672 453.747 380.139
26.0081 551.951 246.33 542.99
360.185 553.215 157.885 595.542
38.5258 554.159 26.8658 467.869
135.033 554.341 202.417 469.552
23.0745 559.472 749.356 407.305
196.885 560.871 504.052 292.881
132.624 562.571 622.25 264.272
356.381 562.638 53.7811 552.689
236.799 565.527 270.627 477.96
602.115 566.001 227.037 503.994
345.43 571.093 764.938 494.97
356.248 571.808 165.99 492.157
538.78 571.875 688.33 296.941
298.873 573.658 760.412 236.008
496.327 574.376 62.3766 451.787
399.864 575.458 305.009 548.157
539.045 576.8 766.648 363.862
650.262 579.412 433.823 373.355
342.981 582.424 788.887 312.347
120.942 582.898 682.83 397.39
267.888 582.952 292.101 366.87
343.901 585.053 333.931 309.507
508.432 593.278 284.514 535.925
282.427 594.904 775.31 290.808
487.982 74.9712 442.089 143.979
341.51 101.428 341.908 161.982
441.41 102.59 410.842 164.002
477.467 114.454 435.228 171.431
344.64 118.386 345.057 173.91
560.736 129.638 491.685 182.401
566.381 140.453 495.332 189.864
468.672 142.909 429.582 191.341
376.424 144.588 366.707 192.036
379.937 144.637 369.237 192.007
454.22 146.213 19.9548 563.128
403.138 147.088 384.583 193.794
224.783 150.176 541.322 369.428
459.616 150.532 309.685 499.824
194.065 150.923 540.984 365.519
354.27 157.61 351.298 201.337
420.225 161.566 395.815 203.408
450.947 162.226 617.579 558.232
353.808 165.102 380.325 532.722
417.474 165.436 394.213 206.064
370.562 171.097 361.948 210.981
465.536 172.303 426.951 213.439
492.861 172.314 102.416 429.296
280.52 176.42 300.784 213.745
451.277 178.382 416.941 215.222
399.77 179.227 788.508 392.31
380.077 188.687 434.293 553.761
395.997 188.868 379.413 222.255
364.844 192.612 752.064 351.977
218.906 195.796 259.187 226.484
284.878 196.644 303.864 227.342
661.093 196.994 559.457 228.177
493.872 197.745 426.221 379.101
642.088 199.34 774.932 250.908
524.968 199.892 466.982 229.941
159.964 202.349 241.753 470.157
213.945 205.05 431.855 291.261
220.188 204.912 436.879 475.105
433.79 205.006 405.411 233.199
156.082 205.627 525.289 511.679
354.182 206.151 420.103 323.137
460.406 208.782 423.467 235.804
471.351 209.678 430.666 236.734
460.522 215.262 423.379 240.474
454.591 217.313 792.456 534.538
532.307 220.876 472.558 429.927
284.112 227.864 303.513 248.387
217.26 228.596 742.874 306.523
754.761 229.552 443.809 111.28
759.469 231.108 625.973 252.397
681.984 231.473 50.8853 221.825
790.003 232.826 645.458 253.181
111.89 234.195 42.0078 336.971
793.477 235.594 648.557 254.069
495.313 237.491 446.834 255.398
531.567 239.021 471.313 225.6
620.174 239.697 498.2 292.833
657.604 239.236 556.922 256.902
492.84 241.931 444.995 258.494
654.661 241.827 554.535 258.334
630.969 242.593 538.562 228.03
644.176 242.839 547.793 259.515
213.839 245.43 255.152 260.111
463.714 245.756 427.409 351.311
99.8268 248.179 177.657 262.402
502.842 248.763 452.347 263.193
531.306 248.529 471.168 263.099
648.006 248.994 767.82 483.63
451.566 249.853 417.203 263.716
457.986 249.779 772.911 189.509
217.709 251.551 434.506 233.075
178.347 252.163 498.87 262.087
262.939 255.99 288.905 358.757
714.665 257.039 154.423 552.893
272.612 258.722 320.514 440.301
272.534 263.589 721.41 205.521
371.381 264.482 110.691 530.317
417.92 266.112 394.07 243.987
310.038 266.232 409.597 489.502
116.425 267.783 189.946 274.629
127.521 267.694 197.136 275.489
488.022 269.309 442.021 307.432
220.315 274.91 781.043 449.723
651.754 275.871 552.999 281.471
299.289 282.079 486.116 235.774
113.913 282.291 187.296 285.273
221.852 284.498 261.514 286.57
592.138 285.664 234.492 528.755
96.6635 285.91 181.106 282.714
658.661 286.453 557.517 288.984
486.945 286.845 439.463 288.928
280.067 288.583 301.801 289.465
215.961 288.939 256.6 289.904
601.618 288.834 523.394 228.22
114.244 289.616 187.582 290.352
134.192 289.48 201.971 289.784
647.672 289.62 550.206 291.201
640.186 292.06 495.44 287.406
272.897 295.222 262.585 294.534
704.618 296.326 95.1279 394.203
113.864 296.73 170.724 290.247
284.938 298.823 303.97 448.782
94.748 300.733 175.456 297.741
790.897 301.839 6.55702 384.533
446.177 302.57 354.691 484.612
108.163 307.863 142.452 508.324
59.1385 311.323 150.204 305.023
331.141 311.554 791.396 430.387
452.372 312.151 417.588 306.146
704.287 312.854 667.766 302.952
395.597 317.161 379.164 309.676
355.378 320.395 351.665 253.312
556.01 321.475 487.971 311.676
64.1024 323.07 175.554 277.737
68.8166 322.946 182.009 277.71
456.367 324.648 420.828 375.54
506.533 325.879 454.237 315.348
400.132 332.385 382.834 318.073
523.87 334.328 465.773 351.767
527.22 334.312 247.227 232.638
486.088 337.669 440.636 323.536
68.9239 337.893 156.469 323.218
222.235 339.093 296.372 504.885
232.86 339.069 268.396 323.94
268.641 338.886 259.205 353.615
134.601 339.525 202.572 324.679
452.458 339.427 417.626 324.961
73.1999 353.527 160.393 333.461
532.311 353.715 472.035 461.931
352.045 356.919 349.441 335.919
441.854 358.138 336.422 395.833
431.741 358.296 397.484 492.285
698.304 360.921 583.77 339.109
531.998 361.269 472.198 467.241
39.3612 365.52 138.198 341.624
13.0984 365.842 121.887 341.575
506.579 368.824 454.185 344.742
554.882 369.275 396.6 106.417
358.92 370.241 353.923 227.247
509.631 370.374 457.012 436.757
532.024 371.837 259.623 546.741
127.509 374.274 197.029 347.596
226.07 376.071 674.754 300.917
115.432 378.959 238.935 548.214
557.737 380.491 489.074 228.68
234.355 382.24 267.45 353.478
401.263 384.19 382.751 355.056
49.7003 384.469 617.029 548.835
404.884 384.991 385.458 355.332
204.775 386.868 249.696 357.736
392.507 396.755 377.33 481.955
701.944 400.761 456.643 185.599
398.615 400.923 380.383 366.584
546.637 401.355 370.739 362.644
706.318 402.01 197.99 562.267
355.745 403.133 352.666 491.255
421.536 402.755 335.729 366.331
543.745 403.761 769.708 376.449
349.533 404.484 346.992 249.461
303.578 404.98 316.866 461.668
395.331 405.768 378.773 369.937
460.505 405.216 423.135 367.136
653.534 405.714 274.618 319.137
90.2195 408.427 70.0308 558.155
352.547 409.07 349.527 372.829
528.924 409.557 469.464 373.798
303.406 411.649 316.453 372.975
796.657 413.306 650.736 374.937
71.6206 418.228 160.696 376.969
131.508 417.814 484.968 348.747
702.936 417.941 585.556 253.195
27.6838 419.748 650.715 338.417
300.112 419.47 313.221 288.717
490.887 420.033 443.335 378.986
243.529 422.6 276.247 472.909
518.594 423.825 462.739 321.269
388.928 429.085 373.521 241.245
236.014 429.724 445.991 386.748
401.716 429.693 383.253 415.979
218.235 431.234 258.305 386.346
532.471 431.014 737.873 564.25
333.066 433.92 769.367 526.272
479.345 434.38 762.849 431.52
58.6919 435.791 299.132 538.651
319.309 436.735 327.039 390.73
239.02 443.755 272.908 423.338
319.479 443.384 327.122 394.416
218.1 445.614 433.957 491.214
475.965 446.758 433.681 336.776
532.552 448.536 471.55 336.395
28.8211 459.844 31.5436 555.397
506.83 459.806 454.235 406.46
226.088 463.217 438.28 228.425
556.157 462.964 487.556 377.358
389.951 465.353 374.563 439.353
363.778 466.359 356.902 382.369
499.603 467.554 448.588 381.332
556.412 468.3 538.908 419.259
234.534 469.743 270.257 534.214
659.698 470.197 517.951 538.136
529.369 471.961 468.797 384.353
573.888 471.999 511.302 445.784
767.331 472.293 601.349 525.769
785.482 473.213 511.603 583.15
218.218 473.511 258.45 415.284
653.771 475.973 553.706 417.369
533.505 476.422 472.226 418.002
551.86 476.273 484.593 417.453
392.759 478.159 652.664 559.253
664.349 478.608 72.339 587.423
678.586 481.035 701.427 579.995
698.986 481.261 584.274 420.728
224.487 489.503 262.567 425.894
450.102 489.19 415.579 425.817
453.503 491.783 418.227 427.77
645.115 494.538 547.395 429.747
478.36 495.133 302.038 204.945
93.1212 496.448 8.75407 284.545
400.898 498.856 382.476 344.46
353.078 500.595 349.565 404.747
226.871 504.114 264.641 435.394
99.8769 504.975 118.306 553.106
496.598 512.056 249.654 292.225
507.37 512.169 454.128 441.75
619.464 514.993 241.883 474.81
350.472 516.868 347.861 444.503
529.398 517.234 469.257 445.349
269.215 518.768 272.959 450.663
602.509 521.389 238.264 469.98
330.497 521.842 791.157 270.464
489.647 524.021 438.3 427.947
551.544 530.265 484.185 454.416
405.311 531.021 385.29 454.179
7.45184 531.758 115.398 454.302
457.106 532.526 592.502 424.29
306.625 534.832 475.507 461.535
415.537 538.576 392.532 459.574
356.622 539.266 352.726 519.464
703.153 540.545 679.588 485.552
496.095 540.979 270.065 458.241
698.415 542.331 629.232 504.754
353.77 549.082 349.338 345.123
278.043 549.769 298.844 466.901
353.918 552.242 449.617 443.872
33.665 553.996 480.156 537.145
567.267 554.594 494.934 470.346
384.139 555.042 371.374 528.366
54.302 555.763 147.77 470.504
738.087 556.217 610.639 471.766
511.083 560.074 457.474 473.832
500.989 561.552 307.039 502.706
507.32 561.46 452.285 475.243
65.7665 561.967 155.406 474.266
282.641 562.151 302.149 475.441
516.383 563.429 445.229 381.266
522.389 563.486 463.962 381.968
526.718 563.481 467.988 476.602
129.292 565.512 525.242 539.601
571.301 565.276 497.84 477.538
219.167 566.052 259.044 478.087
629.123 569.287 537.227 352.62
112.789 572.169 375.983 268.55
691.78 574.457 579.618 484.531
118.512 577.192 189.292 485.879
264.529 579.008 288.701 246.332
223.392 581.538 437.394 276.386
518.906 581.856 461.912 519.949
539.107 583.674 766.989 468.693
483.979 584.744 438.32 491.177
360.236 588.889 354.383 372.31
123.858 589.661 155.354 477.453
726.847 594.068 617.005 473.823
401.989 595.167 382.982 498.316
361.107 19.1038 356.012 107.119
455.647 21.4806 419.774 108.653
487.394 41.1676 441.694 123.539
491.523 81.0052 444.537 149.062
491.725 98.1096 444.674 160.941
318.099 105.947 327.2 166.411
541.82 124.503 479.212 179.095
400.587 128.121 382.945 181.112
592.554 128.982 528.701 181.87
368.597 129.374 361.782 182.072
259.368 131.595 270.929 183.252
242.747 131.511 275.3 183.032
164.138 132.878 254.62 183.665
491.719 134.8 444.456 185.832
464.548 135.535 754.556 257.654
443.965 135.938 757.655 528.234
312.555 139.974 323.246 189.006
501.248 145.857 450.88 193.219
411.764 146.885 389.941 193.629
530.859 147.505 471.47 194.539
298.395 149.693 313.613 195.597
354.304 149.599 351.533 195.493
458.161 158.996 421.648 202.352
532.059 161.835 472.202 204.326
462.035 162.386 424.526 205.48
311.077 165.414 321.912 206.213
307.449 168.622 319.572 208.264
390.592 168.87 375.87 208.689
307.477 179.426 319.316 215.128
487.038 179.955 441.296 216.358
311.759 182.022 322.29 217.316
357.377 181.964 353.268 217.479
370.338 182.475 361.738 217.994
229.26 183.642 394.743 540.964
642.648 184.073 546.715 219.5
539.06 184.924 328.418 188.831
301.968 186.2 315.607 220.041
462.18 187.616 425.039 221.905
481.379 190.675 437.445 223.693
267.286 191.829 291.92 223.828
279.252 191.628 300.352 223.919
509.508 195.586 456.633 227.037
647.553 197.213 550.158 228.52
228.35 197.687 266.134 227.931
470.201 197.601 429.982 228.355
275.627 200.298 297.463 229.938
289.114 200.145 306.602 229.825
358.619 200.617 354.316 258.938
487.624 200.683 441.415 230.385
224.454 201.483 262.829 230.495
531.77 203.003 471.646 232.182
491.024 204.576 445.062 232.881
492.882 208.619 445.267 236.227
316.494 209.078 324.863 236.54
475.539 209.611 433.632 236.501
283.91 211.713 303.205 237.817
110.89 216.904 185.856 240.878
390.881 220.9 375.962 244.782
493.054 224.78 445.259 246.584
532.388 225.343 472.118 247.442
550.631 225.995 484.389 247.43
390.874 226.168 375.944 248.048
541.015 226.166 477.917 247.816
262.406 226.576 292.662 205.062
774.718 227.384 635.107 249.35
546.129 229.255 481.277 249.912
302.505 230.117 315.953 250.202
281.506 231.768 301.626 251.087
210.762 233.45 253.58 252.464
493.803 233.295 445.798 252.651
290.095 234.552 307.244 252.78
778.455 235.598 764.578 507.847
475.472 236.147 433.42 254.439
282.398 238.359 302.36 255.517
124.706 240.878 195.163 257.359
514.275 248.507 459.326 262.847
491.704 248.964 444.653 263.147
314.495 251.915 760.211 543.361
496.861 254.838 447.999 266.645
222.932 256.78 261.564 268.259
99.0689 262.985 177.822 272.528
129.376 263.196 748.028 306.549
222.874 264.209 261.831 273.173
319.854 263.918 327.67 273.114
407.667 265.429 387.225 274.404
85.0347 267.64 169.316 275.176
213.358 269.117 255.335 276.126
223.012 270.97 261.937 277.988
354.74 272.085 351.741 339.22
369.187 275.24 361.041 281.553
550.807 279.444 485.832 504.884
482.25 279.431 437.97 283.961
275.621 281.814 297.603 285.154
95.5298 282.385 174.555 280.479
101.044 282.399 179.592 280.251
527.794 285.424 468.679 257.82
499.546 286.048 449.784 288.243
129.989 286.901 198.853 288.784
208.639 288.505 252.515 289.65
224.347 288.652 262.59 289.764
630.722 288.63 538.706 290.356
108.942 289.654 183.92 290.126
505.77 289.553 453.977 290.875
562.615 292.882 492.48 293.035
491.666 293.564 444.766 293.365
513.389 293.27 459.358 293.274
396.766 295.409 380.018 294.519
224.025 295.849 295.365 294.292
88.7777 296.889 187.408 295.173
96.6891 297.092 177.316 285.346
488.49 297.596 443.005 450.074
89.2074 304.102 187.769 280.427
112.957 304.17 187.501 300.083
318.565 311.048 326.429 305.107
435.534 310.397 406.63 365.301
327.278 312.763 332.756 306.201
546.543 314.691 481.337 307.929
85.6212 315.114 766.252 529.449
556.042 315.122 487.642 305.887
354.971 316.2 351.74 308.789
479.284 317.207 435.835 279.255
369.062 317.619 361.08 366.693
654.092 318.502 554.115 310.619
63.0582 319.005 153.008 310.194
82.8475 318.977 166.896 310.188
481.218 323.793 437.098 313.836
240.272 325.623 273.466 314.748
551.356 326.113 484.797 315.686
81.6566 326.512 182.605 280.223
58.2357 327.031 149.672 315.334
63.1661 326.857 151.194 325.474
234.604 327.318 269.823 315.808
643.672 327.776 546.967 317.128
509.974 330.307 457.886 503.873
299.453 331.635 314.372 500.398
86.4534 333.93 169.231 315.584
506.071 333.943 454.025 320.897
479.911 338.033 436.277 384.004
497.918 338.116 448.979 323.39
401.296 340.985 382.795 296.258
87.5517 341.461 168.065 325.454
476.312 343.104 434.07 327.388
267.214 343.351 291.974 326.885
391.834 347.27 376.456 330.22
506.377 348.729 454.354 332.048
658.556 352.413 557.346 333.948
267.46 352.96 292.186 332.498
686.039 353.633 113.297 364.113
726.111 353.584 15.2528 551.967
304.457 354.657 316.965 334.997
656.493 357.402 555.933 337.094
267.408 358.548 291.952 337.384
456.448 360.363 420.295 338.889
506.868 361.136 454.453 339.424
551.563 362.193 484.828 340.029
273.098 366.841 295.682 342.952
352.067 373.251 349.05 286.832
288.612 374.558 307.045 348.109
461.348 374.813 423.336 408.896
119.767 378.91 191.764 350.739
506.362 378.855 453.612 351.413
728.867 381.827 604.509 353.727
213.306 382.777 254.822 353.581
238.914 382.532 305.668 323.912
268.788 382.313 292.736 353.509
461.172 382.535 424.007 444.471
686.099 383.749 595.88 272.994
235.167 386.381 269.634 237.282
493.974 386.434 445.885 356.335
277.603 397.449 298.517 363.753
304.795 398.359 317.207 364.538
326.447 398.316 332.009 364.156
493.789 402.465 270.302 488.435
555.95 409.454 488.468 403.474
13.3478 410.846 119.161 372.4
135.162 418.689 202.066 377.962
520.624 419.844 463.325 379.356
396.765 422.336 379.805 380.855
657.925 422.425 556.851 380.778
281.052 426.124 301.432 383.098
392.205 426.975 376.426 296.78
223.568 430.955 437.854 387.17
488.719 430.902 442.088 386.756
476.603 431.304 433.854 387.105
67.7924 433.558 156.828 387.26
392.18 438.783 376.462 334.384
656.065 445.285 555.053 397.163
671.042 452.383 564.634 400.574
529.012 454.654 469.456 403.824
692.975 454.482 757.317 372.512
226.322 455.939 263.841 403.265
131.201 459.074 199.514 405.276
216.98 462.677 257.342 407.887
232.912 462.75 268.099 408.034
702.01 462.387 252.338 542.561
52.7712 466.694 146.505 409.285
506.686 467.374 453.934 411.408
3.08335 472.936 113.488 414.279
224.46 474.344 262.541 416.101
702.514 475.204 586.591 416.781
556.802 476.029 487.865 416.975
304.782 478.515 317.219 419.918
103.159 482.77 180.335 421.464
718.97 482.523 597.933 421.674
460.915 483.996 422.955 456.847
656.384 485.603 555.436 423.953
306.977 486.614 318.518 424.133
61.1925 486.825 649.827 584.817
218.499 489.76 258.551 426.32
304.429 493.218 317.122 492.492
281.223 493.7 300.601 429.375
59.004 495.122 150.923 429.389
725.871 497.423 602.47 431.74
457.814 502.968 421.144 498.518
721.941 502.867 599.498 435.878
9.73729 504.788 114.598 436.569
27.0015 505.664 128.274 436.841
135.992 504.794 202.567 436.376
18.0968 505.794 122.982 436.66
59.2175 506.801 683.903 428.559
484.254 508.427 435.215 439.121
397.177 508.753 380.101 439.257
51.3178 510.663 145.427 440.208
109.107 513.941 652.238 326.536
300.694 514.082 314.381 442.98
349.228 515.434 415.537 446.619
713.436 516.22 593.881 444.314
86.3027 518.305 155.738 508.329
680.141 518.447 676.302 524.583
436.2 518.689 406.71 446.279
633.289 522.238 539.726 482.938
453.475 524.208 418.075 450.031
656.16 525.44 555.579 477.943
42.6308 528.216 139.497 452.097
393.063 527.942 376.39 392.131
660.286 529.262 557.966 453.046
37.4514 529.94 768.167 186.109
490.437 532.694 441.467 212.278
702.68 533.045 586.388 456.785
353.17 536.933 350.004 458.39
405.963 538.254 792.43 575.247
490.496 540.388 371.375 480.709
225.859 541.68 263.388 461.55
232.289 541.386 267.78 461.286
694.262 541.679 581.233 461.837
458.105 543.083 421.049 462.291
18.7482 546.3 122.549 464.361
282.017 547.545 301.75 465.609
575.702 547.844 501.229 466.295
738.509 549.037 48.0646 457.634
498.29 551.528 448.455 468.495
115.984 553.475 189.232 469.571
236.508 554.915 270.538 470.465
397.817 554.96 380.34 470.479
135.662 561.109 202.511 412.802
220.992 561.985 260.109 475.422
230.381 562.032 266.106 475.255
744.129 562.286 614.124 475.955
478.658 565.004 434.652 477.518
492.672 564.985 444.914 477.529
23.2231 565.934 11.2649 475.543
86.6686 566.646 293.492 571.58
273.763 566.632 295.852 478.495
518.525 571.072 461.918 481.674
522.231 572.917 464.562 483.198
78.8395 575.919 711.685 565.87
301.535 576.992 314.283 363.248
72.4878 577.715 681.366 389.247
109.908 581.111 184.432 487.929
437.362 583.814 406.927 490.384
276.74 589.956 298.007 494.417
81.3656 591.608 166.842 494.498
361.13 595.213 376.372 325.818
473.322 15.5397 432.018 104.145
344.931 24.8494 345.122 110.557
443.053 35.3092 411.73 117.506
382.03 49.1573 370.268 127.161
429.457 54.641 402.352 131.256
344.999 65.8381 199.549 364.297
436.63 92.6298 407.144 156.801
382.272 93.9166 370.37 157.93
429.954 99.6354 402.891 161.797
389.129 100.575 375.085 162.224
382.408 107.326 370.307 167.124
389.804 113.962 374.57 171.031
479.846 118.503 436.826 174.601
556.227 118.936 488.4 175.273
352.317 123.126 31.4231 333.137
467.6 123.318 428.407 177.846
517.047 124.358 461.385 178.561
389.852 128.456 374.328 181.083
339.653 129.907 341.449 182.115
461.398 131.048 424.337 182.988
265.717 131.77 259.607 182.857
337.112 139.422 339.761 188.554
489.247 143.441 442.995 191.777
341.222 143.837 342.437 191.489
526.461 145.146 468.206 192.668
202.248 145.761 247.865 192.526
233.35 151.351 269.291 196.879
425.552 156.492 399.703 200.051
395.152 160.902 379.047 203.39
537.168 161.337 475.482 204.262
316.833 168.817 325.787 208.097
429.288 169.33 401.921 208.606
237.816 171.15 207.818 178.064
547.662 172.098 482.503 211.324
311.658 172.815 547.633 461.611
537.753 172.674 475.743 211.471
336.234 174.38 688.128 449.835
364.812 173.945 358.296 211.993
435.194 175.714 406.126 213.737
395.191 176.963 379.166 213.89
475.874 179.738 433.619 216.353
656.113 180.477 555.083 216.512
283.1 181.992 302.876 217.374
364.832 182.069 358.532 216.513
218.428 183.441 258.989 217.675
647.89 186.28 550.091 220.928
475.894 188.314 433.699 221.99
369.013 191.589 361.433 223.964
504.902 191.906 453.605 224.406
213.422 192.548 255.383 224.453
267.199 199.86 292.239 229.494
275.357 199.956 262.495 318.846
482.625 205.347 438.404 233.431
518.972 204.647 463.025 233.279
536.558 205.175 475.089 233.509
297.684 208.554 312.779 235.76
266.731 212.412 291.467 237.978
308.117 211.966 319.925 237.739
435.492 220.547 406.472 243.452
129.253 222.252 198.272 244.111
326.194 222.065 331.577 243.797
513.5 222.435 459.273 245.085
6.96945 225.911 113.332 379.128
298.48 226.067 313.154 247.405
266.942 227.032 292.047 247.55
470.576 233.196 430.206 252.337
216.173 236.359 257.062 254.193
276.727 236.207 298.499 254.094
555.839 238.514 487.682 256.387
510.19 240.346 456.74 257.546
499.592 241.182 449.721 257.876
229.414 243.667 267.477 258.83
753.87 243.685 621.95 260.307
632.838 247.298 540.419 230.653
554.285 248.443 487.17 263.229
298.642 252.458 313.352 265.097
233.62 256.268 269.265 267.675
83.8174 262.491 166.779 272.235
325.216 265.843 331.331 274.195
95.3103 266.902 174.147 274.957
133.646 267.188 201.358 274.094
233.876 267.438 269.147 276.807
514.843 267.664 460.066 275.813
547.238 269.203 482.215 276.707
118.087 271.994 191.064 278.5
129.929 271.961 199.213 277.652
542.588 272.653 478.982 279.249
226.884 275.404 264.243 280.855
476.751 277.38 434.385 282.497
213.875 279.099 255.693 283.148
556.257 283.858 488.095 287.077
208.067 288.076 254.18 528.232
355.725 291.525 351.92 351.136
630.602 293.09 539.266 323.912
435.584 295.117 406.382 294.338
288.43 296.268 307.448 505.973
416.81 296.263 393.413 294.748
135.357 297.304 202.195 295.493
118.741 306.758 191.572 301.472
396.565 310.574 379.834 304.515
426.277 309.628 399.948 304.067
514.242 311.643 459.762 306.232
533.184 317.407 472.396 310.48
542.787 318.542 479.128 310.727
231.499 319.52 267.62 310.663
475.741 321.471 433.619 312.085
243.092 321.101 303.948 282.601
548.411 321.721 482.895 312.562
556.166 330.1 487.72 318.825
520.76 339.194 464.102 324.287
555.241 339.444 487.132 324.677
407.218 341.305 386.948 326.257
436.627 341.353 406.929 325.631
391.574 342.259 375.849 239.618
284.084 343.186 303.522 326.808
396.811 345.31 379.904 328.3
101.594 348.827 180.301 330.683
396.96 352.037 379.865 332.238
721.836 353.584 157.694 325.604
737.675 353.259 161.101 325.553
436.886 354.184 407.208 334.951
446.551 353.928 413.659 334.144
326.813 354.853 331.834 334.911
426.52 354.733 399.876 334.742
62.8422 361.248 153.089 338.761
70.8912 360.442 158.353 338.311
651.531 365.604 552.57 342.919
24.8557 369.935 127.679 344.379
360.188 372.558 355.366 316.756
527.799 374.606 468.887 348.372
672.823 374.792 690.302 363.32
44.5111 379.132 141.284 350.821
23.2209 379.558 126.552 351.33
397.313 380.05 379.98 351.339
262.909 383.416 255.937 413.082
299.638 383.36 313.906 354.127
462.184 383.139 424.032 414.082
346.874 384.274 346.538 507.386
22.9151 384.991 125.771 354.581
32.0095 385.431 131.25 355.196
437.407 385.403 407.301 355.6
446.617 386.038 413.691 356.136
538.688 391.319 476.21 359.673
225.219 393.516 263.29 361.164
337.613 397.636 339.435 364.06
346.783 397.586 346.899 513.809
15.0068 400.152 120.826 365.138
538.966 399.483 476.392 365.976
479.52 406.735 435.838 370.235
278.543 412.039 299.554 373.64
686.271 415.004 752.528 343.922
240.157 427.486 273.008 383.75
347.949 427.464 346.576 385.074
317.493 427.922 325.839 384.488
234.893 430.901 269.749 386.207
338.129 431.135 339.662 385.497
397.347 430.722 380.028 386.223
447.953 431.084 414.148 386.767
556.59 431.54 487.702 386.676
493.591 431.869 445.16 417.993
515.949 432.215 460.61 387.58
667.356 434.321 563.597 389.455
338.424 440.795 339.966 393.389
447.242 443.245 413.923 395.096
706.224 446.374 790.511 158.63
233.974 450.909 269.113 399.933
551.674 454.674 484.872 403.507
663.83 455.268 560.504 402.804
697.54 458.051 582.891 405.113
370.395 465.042 360.899 409.412
131.704 466.027 200.02 409.623
706.82 467.544 771.716 588.148
673.778 469.613 566.409 412.586
299.953 471.239 313.673 414.216
338.198 472.277 339.749 414.551
691.507 472.464 579.148 415.067
235.247 475.244 270.019 416.341
447.924 475.322 414.475 416.858
703.379 476.62 586.916 419.956
275.404 478.919 296.85 419.335
655.526 481.724 554.792 420.996
338.868 484.642 339.978 423.08
438.07 484.916 407.461 423.269
289.982 485.93 307.047 333.758
344.398 488.764 343.728 425.722
438.707 491.317 407.422 427.485
650.029 492.591 551.495 428.322
222.556 493.827 261.051 428.916
14.7041 495.084 118.775 429.306
512.517 498.111 458.284 432.415
19.6047 500.498 123.792 433.428
664.04 501.138 560.587 434.131
745.799 502.287 777.812 350.693
727.638 503.68 603.736 435.848
52.7633 505.84 144.1 436.876
299.858 505.763 313.85 437.267
357.748 508.336 352.87 439.421
499.651 507.794 449.117 438.9
688.911 509.171 577.607 439.03
717.184 510.446 596.621 440.324
318.688 514.824 326.745 443.765
328.617 515.188 333.335 443.603
551.654 522.692 484.737 449.186
50.005 529.805 144.176 453.103
61.0132 530.697 151.705 453.716
655.515 530.483 554.75 454.496
708.902 533.25 591.491 453.988
318.718 533.599 326.751 455.914
8.75057 538.332 116.577 458.574
281.666 542.377 301.632 462.058
59.1114 544.202 150.627 462.882
479.924 545.238 259.516 222.243
11.6476 548.425 117.657 465.572
21.8894 550.462 9.56711 465.385
492.83 549.775 444.58 467.516
105.424 551.87 109.814 363.285
737.675 556.109 257.003 583.006
268.779 566.856 292.651 478.702
285.559 567.46 303.953 479.006
428.726 567.712 400.92 480.509
409.069 569.354 387.973 480.884
437.747 568.84 407.238 480.01
403.66 570.108 384.143 481.568
660.112 573.764 557.539 483.844
487.829 575.855 441.057 485.369
318.152 577.723 326.299 485.801
327.648 579.147 77.1776 267.567
268.884 581.682 292.484 489.082
285.631 581.457 303.804 488.27
409.381 582.653 387.929 489.134
419.284 582.98 394.715 489.125
428.409 583.113 401.16 489.535
441.867 586.12 409.748 491.289
281.614 587.686 301.338 492.671
458.132 588.409 421.168 492.682
479.68 589.646 435.644 494.322
716.841 589.544 150.255 437.691
479.98 595.391 435.82 497.831
456.951 15.6565 422.065 105.362
443.277 22.9791 411.798 110.287
473.554 42.4634 432.532 119.99
429.264 47.1411 402.346 126.199
443.466 46.6459 411.969 125.935
375.274 49.3249 365.737 127.444
388.961 48.8432 374.959 127.234
443.457 61.1998 411.906 135.76
371.022 86.8644 362.575 152.212
429.463 92.5016 402.476 156.889
443.663 92.0672 412.081 156.592
389.253 93.5328 375.146 157.544
357.371 106.828 353.436 166.93
389.337 107.263 375.21 166.788
375.731 107.934 365.948 167.256
455.978 117.747 420.491 174.433
334.015 122.859 337.279 177.089
579.745 135.632 503.733 186.536
416.808 140.746 393.845 189.708
468.161 141.424 428.307 190.266
633.843 141.536 540.568 189.576
327.235 143.511 332.964 190.986
180.722 146.892 233.007 192.981
548.452 151.74 482.851 197.437
547.539 162.894 482.459 204.726
435.04 167 406.094 207.304
267.589 169.162 292.577 208.778
281.754 169.546 302.074 209.024
532.213 181.108 471.969 216.928
481.241 185.179 437.447 220.266
511.459 185.679 457.839 220.158
633.454 191.421 540.205 223.858
467.327 195.187 424.645 257.469
650.557 202.616 552.197 231.976
546.912 205.262 482.083 233.68
260.133 210.483 287.138 236.468
491.222 210.519 443.944 237.845
95.6632 214.883 174.792 238.916
537.714 215.767 475.632 240.716
273.105 217.875 295.581 242.139
425.764 219.619 399.859 243.284
50.6682 222.097 144.814 243.634
211.7 230.045 254.179 250.076
271.294 232.676 295.282 251.4
550.305 233.036 483.974 252.791
368.89 234.433 361.059 252.515
296.915 241.551 312.213 258.143
209.045 242.805 252.575 258.779
457.213 245.986 421.095 261.163
520.052 250.376 465.443 510.696
498.262 251.167 448.871 264.504
360.16 253.343 354.866 265.663
514.442 255.423 459.789 267.78
426.346 255.571 400.025 268.195
268.041 257.197 292.384 268.201
548.278 262.127 482.819 272.598
536.623 262.381 474.769 272.703
304.764 264.861 317.349 274.096
268.123 269.48 292.466 276.919
360.369 285.61 355.256 287.888
369.197 285.029 361.216 287.326
297.729 285.874 312.846 288.205
555.022 295.167 487.333 294.531
530.817 295.857 470.941 294.908
537.42 296.528 475.323 294.924
261.768 297.501 288.074 295.726
548.545 297.738 482.825 296.389
333.742 299.618 337.08 297.912
478.343 300.758 435.193 298.542
283.087 301.25 302.783 297.949
219.121 302.475 259.295 299.256
457.24 301.598 420.817 298.59
407.214 307.822 387.034 303.493
129.352 313.455 198.437 306.135
283.023 313.102 302.543 306.345
456.584 316.814 420.524 308.596
304.339 319.245 316.963 310.469
511.949 319.82 458.315 311.536
223.273 320.743 262.555 311.325
641.043 320.925 545.44 311.981
228.588 325.527 265.695 314.656
526.733 328.419 468.229 317.785
299.178 340.689 313.551 325.321
316.354 340.899 325.255 325.258
426.611 341.314 400.117 326.124
538.111 341.433 475.781 326.129
446.691 342.276 413.82 326.725
515.483 344.174 460.464 327.423
233.659 345.416 268.937 328.137
690.823 352.171 580.056 334.004
538.085 353.563 475.672 334.453
762.275 353.099 627.45 334.187
284.146 356.755 303.431 337.262
515.521 356.844 460.369 336.793
716.67 359.811 596.795 338.692
282.705 364.73 302.277 341.644
711.757 366.147 593.95 342.88
721.597 366.138 181.081 498.571
52.2229 371.24 147.124 344.684
337.044 384.29 339.077 355.391
136.261 384.784 202.72 354.753
316.77 384.892 325.366 355.531
416.656 384.925 393.482 355.481
522.133 385.338 464.993 356.182
427.05 386.175 400.371 355.778
556.273 386.556 487.872 356.413
219.344 389.698 259.154 358.075
515.708 389.032 460.349 358.937
549.352 392.359 483.218 360.594
374.452 392.97 365.116 417.409
13.9773 393.648 751.822 431.671
427.286 399 400.332 364.879
219.235 400.796 259.313 365.353
532.44 400.82 471.788 365.818
515.927 401.894 460.609 367.289
674.138 405.122 567.927 368.823
129.954 406.483 485.692 534.574
699.093 407.261 584.747 370.909
488.91 408.321 442.544 371.231
2.98084 412.063 3.30851 216.336
702.327 416.43 235.281 548.487
23.3055 416.799 126.582 376.313
527.422 417.828 468.296 377.823
457.778 423.975 421.215 381.925
307.007 430.232 318.932 385.699
76.9765 432.542 181.541 566.897
270.72 433.098 293.948 388.096
282.197 433.375 301.957 388.082
707.514 432.77 589.925 388.198
385.63 435.742 371.795 387.886
427.441 438.755 400.288 393.065
307.121 440.106 318.947 393.067
327.832 441.261 332.781 393.622
282.244 443.571 301.876 394.784
549.165 445.136 483.03 396.488
515.44 446.419 460.276 397.395
675.508 448.974 568.722 399.106
659.466 449.972 557.39 399.988
457.291 450.68 420.679 399.622
700.692 451.163 584.963 400.611
458.084 467.887 421.442 411.691
317.299 472.062 325.775 414.253
327.478 473.559 332.475 416.364
438.006 474.865 407.395 416.865
407.53 475.967 387.143 416.97
715.421 476.015 596.123 417.604
387.275 477.589 373.096 535.79
492.577 478.285 444.899 451.388
516.228 478.312 460.792 418.846
417.991 486.151 393.57 424.202
235.471 488.353 270.163 425.482
268.82 488.956 292.346 425.926
550.844 490.958 484.096 427.297
658.444 491.33 556.903 427.788
135.183 495.024 699.083 385.514
217.537 499.828 257.954 433.092
641.925 502.644 545.809 435.224
85.482 504.165 167.758 435.967
210.283 503.463 251.922 435.24
458.365 511.986 421.509 441.613
361.837 513.451 356.171 442.038
273.496 516.313 435.348 413.931
387.195 518.472 373.089 446.912
514.365 519.763 459.325 446.986
699.886 522.474 585.394 449.596
270.314 523.282 293.617 449.046
307.825 525.639 319.17 451.362
714.255 524.991 594.463 450.457
328.304 533.926 332.916 456.057
664.865 534.334 561.043 456.337
234.934 535.687 268.878 306.71
56.6772 537.268 154.958 556.177
428.164 536.401 400.736 458.618
290.212 541.519 307.115 461.524
361.946 548.351 355.892 466.885
561.798 551.466 491.436 468.574
37.8431 553.246 136.756 469.085
318.081 565.062 326.223 477.201
327.945 566.918 433.476 316.536
500.807 566.949 450.109 478.914
220.491 568.426 293.138 358.178
553.15 568.175 498.183 557.38
493.953 570.647 445.416 481.409
307.117 576.458 318.725 485.11
220.713 579.692 259.992 487.477
447.949 581.659 413.944 488.668
493.875 583.965 445.49 490.562
709.501 586.64 591.884 492.854
305.909 587.85 317.94 493.446
647.102 588.248 548.861 493.431
435.702 54.5235 406.809 131.2
435.522 98.9747 406.309 161.217
382.489 100.397 370.557 162.02
396.651 112.185 381.135 169.87
422.723 112.105 397.613 169.741
501.169 117.003 450.066 173.462
619.527 134.544 531.697 186.076
284.771 143.585 303.729 191.16
228.082 144.549 266.947 191.243
326.54 156.924 332.29 200.663
345.584 157.216 345.696 200.74
304.899 159.451 317.121 202.727
384.84 161.637 371.961 203.709
230.638 170.02 743.373 331.391
469.182 181.776 429.182 217.576
211.141 184.203 253.826 218.527
641.964 187.483 546.253 222.149
557.1 190.942 488.987 223.963
524.973 192.98 466.98 225.239
227.599 194.91 686.898 295.772
204.875 196.494 249.594 227.256
295.305 197.336 311.155 227.709
360.299 197.225 355.124 227.916
658.484 203.361 557.504 232.558
302.943 204.047 316.367 232.426
210.224 211.841 253.141 237.816
458.544 215.354 421.969 240.055
218.933 215.848 259.45 240.231
478.197 222.025 435.021 245.233
455.127 228.623 419.804 248.449
478.632 230.403 581.461 588.273
642.076 235.809 546.386 254.652
669.42 235.523 563.848 254.377
754.855 236.536 621.891 254.053
712.855 243.765 594.108 260.028
260.141 256.106 286.633 268.309
490.886 255.657 443.843 268.085
661.321 258.774 581.799 441.099
478.37 265.735 435.212 304.647
195.405 272.179 242.526 277.601
656.786 280.238 555.935 284.841
733.647 281.437 608.186 285.752
233.019 282.371 268.718 285.357
465.768 283.622 427.139 286.737
457.404 290.526 421.251 291.358
491.4 300.285 444.205 297.823
384.681 305.49 372.021 301.137
538.221 306.138 475.642 302.482
320.45 307.733 327.958 302.032
491.313 311.232 444.118 305.579
734.16 313.49 608.736 307.468
475.27 324.82 433.015 314.6
241.341 343.303 274.216 326.6
260.656 342.574 287.587 326.399
549.094 350.8 483.292 333.806
211.952 351.222 254.04 332.049
269.252 355.12 293.293 335.297
232.961 356.087 268.535 335.717
128.913 364.089 197.925 340.958
645.363 366.108 548.268 343.064
81.1041 368.087 165.766 343.692
297.475 371.736 312.333 346.08
457.453 378.751 421.265 351.384
665.143 381.001 561.309 353.497
52.5916 382.797 146.086 353.81
723.573 382.506 600.736 354.161
260.787 386.809 287.639 356.226
283.242 389.002 302.562 358.152
479.309 389.969 435.524 358.467
720.031 391.443 599.504 360.068
705.43 391.852 590.411 360.229
654.788 399.404 555.098 364.308
269.819 399.838 293.496 365.206
283.182 399.966 302.517 365.666
233.288 401.143 268.783 366.035
666.131 404.543 160.864 438.249
212.698 405.684 254.618 368.768
513.412 411.591 459.314 373.33
297.977 416.044 312.736 376.318
32.009 416.448 593.777 386.28
499.795 429.427 449.743 386.321
271.079 443.231 294.473 395.223
537.701 444.007 476.694 425.11
129.187 445.551 196.929 394.901
306.054 452.751 317.878 401.53
212.236 473.285 254.394 415.413
242.401 474.302 274.58 415.574
479.435 477.504 435.522 418.41
684.712 476.811 617.148 428.047
557.993 478.907 489.063 419.318
492.41 488.669 444.533 425.775
516.433 490.891 460.728 427.66
686.581 495.691 575.753 431.395
129.893 502.415 198.025 434.817
657.795 518.299 556.223 446.127
234.311 524.489 269.213 450.042
479.966 527.385 435.873 451.901
263.065 527.969 288.844 452.477
516.085 529.402 460.568 453.256
307.935 531.417 319.333 454.434
480.248 537.499 436.214 459.007
516.259 539.542 460.507 459.948
658.4 539.911 556.621 460.505
229.15 549.591 265.433 466.944
464.961 554.382 425.858 470.743
386.953 565.21 372.953 477.786
402.009 581.62 382.952 488.685
516.862 583.413 460.835 490.448
397.18 592.376 379.793 496.19
451.859 54.447 417.104 131.265
472.911 96.1164 431.58 159.264
579.013 120.334 504.131 174.927
639.807 151.314 544.693 197.438
652.106 151.211 553.214 197.191
361.641 155.253 356.113 199.098
371.606 162.09 363.015 204.024
500.946 174.93 450.683 213.145
372.455 176.663 363.442 213.536
199.931 178.247 36.4552 329.942
386.031 182.577 373.314 217.837
495.458 191.683 447.048 224.549
458.444 201.414 421.715 230.925
52.5488 213.506 146.399 238.8
15.8872 223.242 121.598 245.04
27.7852 227.43 130.365 248.265
524.08 235.886 466.43 254.61
117.62 238.16 190.525 255.681
472.128 241.803 431.421 258.762
755.822 252.023 150.351 560.874
120.002 263.49 192.112 273.582
315.341 266.645 325.031 274.88
456.251 273.685 420.426 279.19
295.441 282.096 311.583 285.647
724.397 287.944 602.157 289.304
241.507 300.853 274.217 297.688
724.059 300.166 601.696 298.867
60.5356 314.685 584.063 279.996
241.391 316.169 274.057 309.008
467.963 343.152 428.223 326.581
210.19 345.116 252.932 329.036
242.315 344.72 275.116 328.442
666.712 346.008 562.84 328.128
499.599 350.666 449.57 331.523
513.717 367.493 459.012 343.569
116.983 373.435 190.097 347.201
704.662 375.807 587.712 349.91
692.389 377.356 580.16 350.448
128.102 382.006 196.839 354.121
210.145 388.854 253.24 357.621
259.682 388.631 287.566 387.274
630.608 388.63 490.05 439.846
689.096 406.622 577.436 370.33
79.0925 414.219 24.9399 577.345
137.964 413.811 203.225 375.619
216.126 418.605 256.961 377.945
477.311 417.725 434.381 378.106
631.513 417.236 538.973 377.564
283.06 419.597 302.392 378.406
129.897 422.972 198.47 381.359
210.904 432.42 253.497 386.884
514.761 456.999 459.591 404.503
666.812 461.076 562.366 405.487
631.241 463.006 538.468 407.573
550.048 504.232 483.751 436.003
631.576 507.525 538.17 438.507
138.739 518.843 204.356 445.522
15.9708 523.585 120.932 448.999
743.712 547.138 612.967 465.569
644.454 557.879 547.173 472.759
211.432 568.032 254.136 478.274
559.606 576.874 489.645 485.558
717.516 578.579 597.413 486.072
340.547 579.654 341.517 487.689
351.171 118.852 349.136 174.846
450.952 129.399 417.439 181.86
483.121 131.739 438.74 183.991
636.045 132.64 542.453 184.67
329.556 133.924 334.214 185.054
525.685 171.483 467.218 211.203
557.691 208.627 489.401 235.954
369.221 209.483 361.289 236.032
527.919 212.326 468.069 299.786
542.493 210.772 478.818 237.209
3.24935 215.119 2.11017 331.479
468.312 222.669 428.461 244.926
233.266 238.256 268.94 255.439
265.935 237.869 291.088 255.558
468.323 256.132 428.394 268.483
293.172 259.192 309.582 269.998
222.027 263.504 261.613 272.467
384.645 264.35 372.357 272.959
468.061 267.107 428.347 275.136
492.456 278.897 444.878 283.875
208.6 302.288 252.038 299.007
258.575 302.703 286.059 299.33
468.257 300.705 428.399 298.419
502.06 302.744 451.196 299.299
493.448 323.93 445.592 314.131
217.901 325.665 258.706 315.001
295.149 346.439 310.814 328.375
527.485 347.438 468.611 330.607
488.568 352.335 442.557 334.077
231.274 368.722 267.653 344.046
631.411 368.885 539.372 345.004
41.7663 375.431 140.087 348.395
13.7415 388.888 119.952 357.357
295.08 390.685 310.667 359.46
468.576 389.468 428.566 357.472
502.671 392.693 451.527 360.327
229.244 412.552 265.653 373.743
267.799 412.541 292.4 373.931
492.738 413.071 444.514 374.759
643.748 411.693 547.068 374.022
468.027 434.6 428.132 388.979
138.893 454.618 204.337 402.6
274.644 456.471 296.763 403.879
441.163 479.019 409.416 419.318
468.166 480.51 428.291 420.475
527.753 482.312 468.569 421.055
235.448 498.918 270.262 432.546
276.259 499.452 298.543 432.857
220.601 505.966 259.979 437.305
503.858 535.455 452.185 457.483
560.607 540.823 490.448 461.473
109.315 557.722 184.473 472.243
78.2298 569.202 163.754 480.251
296.089 570.292 311.211 481.116
469.22 573.121 428.741 482.672
631.395 580.959 538.045 488.855
352.017 28.4547 350.091 113.694
434.656 77.1045 405.38 146.776
335.454 96.3924 338.648 159.354
309.145 120.108 320.347 175.698
149.648 122.37 213.149 176.218
370.346 123.854 362.266 178.014
410.597 134.764 389.5 185.354
203.731 141.843 249.009 190.092
560.782 150.058 491.824 197.17
520.14 152.111 463.917 197.578
477.406 153.699 434.832 198.518
289.473 159.172 307.395 202.368
358.164 170.326 353.678 209.716
484.801 171.812 439.53 210.835
223.772 174.376 262.648 212.219
274.181 174.305 297.178 212.172
428.864 213.225 402.071 238.303
447.606 214.121 414.739 239.456
352.331 217.224 349.538 241.389
370.773 254.632 362.415 266.745
351.422 261.211 349.094 271.147
485.63 261.459 440.615 271.525
663.689 267.313 561.833 276.559
123.875 277.794 194.589 282.331
521.689 278.48 464.721 283.234
295.614 305.125 311.043 300.956
353.92 305.133 350.99 300.995
487.05 305.423 440.469 301.271
226.292 308.242 263.927 302.983
520.341 322.346 463.724 312.799
226.4 351.624 263.95 332.504
489.352 369.144 442.695 344.832
313.01 389.52 322.981 358.313
353.3 392.45 350.246 360.298
277.428 394.603 298.706 361.829
486.767 393.834 440.682 361.279
545.013 395.14 480.264 362.276
469.063 402.604 428.697 367.661
672.157 425.187 565.717 382.666
295.151 434.496 310.736 388.753
276.272 438.703 297.821 391.527
486.837 440.073 440.816 392.854
543.135 439.682 478.798 392.326
490.067 458.054 442.659 405.058
296.035 479.237 311.273 419.487
227.632 481.791 264.768 420.969
484.853 483.576 439.335 422.436
545.8 486.034 480.659 423.983
294.148 496.261 310.049 430.38
470.679 498.166 430.479 433.047
521.658 502.171 463.88 435.334
23.2759 505.745 125.931 436.278
51.2949 520.884 145.141 447.209
295.785 522.566 311.191 449.147
208.927 522.529 251.583 448.864
227.402 529.883 264.584 453.523
278.188 529.79 298.874 453.51
486.859 532.281 439.808 455.217
467.944 535.761 428.116 458.166
544.977 536.209 479.917 458.198
213.109 545.143 255.271 464.173
522.108 552.558 463.974 469.577
127.161 557.155 196.493 471.436
486.471 577.504 440.176 485.99
521.944 597.437 328.142 205.443
474.158 28.5783 432.978 113.918
408.949 109.18 389.123 168.51
449.785 111.843 415.454 170.498
144.291 141.309 208.255 189.466
542.188 155.192 478.993 200.131
542.596 194.336 479.104 226.174
122.813 216.852 194.055 240.747
274.294 218.321 296.839 241.921
667.516 221.611 563.489 245.02
98.223 228.986 177.449 249.007
456.777 239.055 420.065 255.763
542.03 242.728 478.805 258.029
403.098 261.487 213.366 188.838
311.604 287.139 320.651 287.527
542.54 294.898 478.917 291.387
426.753 302.787 401.603 299.116
706.341 304.659 589.888 301.986
274.848 307.458 297.049 302.772
403.185 312.984 384.021 305.954
291.375 322.557 308.138 313.428
543.485 334.852 479.451 321.626
275.54 348.88 297.752 330.903
352.032 349.997 350.387 420.452
293.671 363.385 309.851 340.935
123.404 391.07 196.21 355.365
223.819 393.091 261.886 361.122
403.359 397.457 384.163 364.102
711.587 415.418 586.391 253.726
227.725 437.846 264.872 391.174
277.326 481.067 298.864 420.651
28.6133 488.147 130.478 424.928
436.026 532.568 405.726 455.429
97.7778 577.432 179.466 483.909
425.942 574.732 398.802 484.319
436.758 51.6187 407.278 129.575
381.368 99.1567 370.034 161.327
249.645 182.743 280.21 217.431
378.133 206.675 367.576 234.087
622.421 219.979 533.309 243.531
197.807 226.232 244.566 247.517
510.692 231.255 457.656 251.165
699.837 242.724 585.357 259.342
765.808 242.652 630.295 258.946
734.064 247.346 608.675 262.228
621.496 266.246 532.446 274.765
146.381 272.061 209.387 278.212
249.425 270.237 280.01 277.393
123.66 291.923 194.194 292.319
146.21 313.53 209.26 306.792
250.301 310.238 280.474 304.601
622.034 312.505 531.977 306.657
431.201 344.228 404.904 327.353
200.986 357.16 247.601 336.505
565.127 356.653 494.022 337.014
146.946 359.556 209.855 337.609
250.87 358.183 280.764 336.778
543.054 376.727 479.042 349.834
198.582 401.723 245.663 366.569
145.008 402.118 208.561 366.452
250.384 403.178 280.453 368.52
567.074 402.655 494.931 367.095
622.332 404.48 730.263 306.794
318.096 433.783 325.822 388.117
145.122 445.607 208.417 396.098
198.981 443.994 246.175 395.087
251.781 446.784 280.943 396.851
624.05 449.834 533.574 399.433
715.026 458.549 594.296 407.88
323.143 477.435 328.817 417.493
145.168 488.697 208.51 425.735
199.237 487.698 245.799 424.477
251.261 488.162 280.773 424.348
567.561 495.849 494.861 431.135
623.84 494.557 533.697 429.82
317.657 521.359 325.754 447.448
44.7454 541.809 157.91 560.386
254.897 541.624 282.988 461.617
572.466 166.528 275.973 506.038
190.237 173.247 237.954 212.127
222.716 199.579 261.908 228.806
378.725 241.551 367.805 257.888
378.025 289.197 367.154 290.604
511.472 318.139 457.98 309.745
377.236 334.043 366.613 319.942
377.589 419.681 366.561 379.126
679.456 418.753 571.775 378.595
379.072 462.948 367.765 409.066
119.1 469.215 560.456 516.865
674.29 491.607 567.105 427.77
379.573 505.39 367.989 437.748
707.71 503.458 589.733 436.374
76.3432 554.446 162.273 469.609
