399 313 398 273
237 584 238 561
659 183 656 148
133 488 133 465
238 542 237 520
399 379 399 321
553 545 554 518
287 406 287 384
399 269 397 229
133 450 133 423
269 124 134 127
494 226 494 205
551 266 551 246
554 332 551 291
236 427 216 428
236 361 237 339
421 203 422 224
509 205 510 226
236 318 236 295
519 495 519 475
517 315 517 294
532 246 532 266
133 536 133 511
285 340 265 340
398 178 398 156
398 226 398 188
517 182 517 161
264 254 264 276
400 509 399 416
630 113 555 115
216 471 216 494
133 419 132 380
133 597 133 558
519 405 518 384
302 514 304 538
131 148 131 206
453 246 453 266
496 405 495 385
353 228 352 269
216 539 236 539
452 195 453 223
287 542 287 520
497 587 497 566
495 383 474 384
214 252 215 274
265 471 265 491
447 64 447 44
132 250 299 249
423 382 423 403
632 194 554 196
551 220 551 200
635 332 554 333
496 473 475 472
532 199 633 198
496 566 475 567
661 480 662 555
301 250 300 289
353 317 353 358
554 290 644 290
266 428 267 450
352 204 352 225
475 359 495 359
494 270 495 249
554 514 553 474
519 544 520 524
134 380 300 380
299 333 128 334
300 464 135 464
132 294 349 293
633 424 555 424
133 337 300 337
133 510 301 512
554 591 554 570
642 211 640 238
135 424 300 424
133 207 298 205
354 151 301 152
283 246 131 247
313 125 270 124
636 160 636 198
133 148 165 149
199 203 134 204
216 427 216 448
299 290 133 291
265 317 285 317
496 522 475 522
496 494 496 473
216 447 236 448
454 407 454 448
554 382 635 382
661 556 662 586
305 148 355 147
331 445 331 424
554 245 634 244
216 360 236 361
265 297 264 318
135 467 300 468
554 427 634 428
135 559 301 560
204 149 299 147
284 420 223 420
286 319 286 298
636 240 554 241
176 149 201 149
556 570 638 571
215 297 215 320
215 383 216 406
422 247 422 268
453 292 453 313
553 449 553 429
556 519 636 520
650 287 554 287
633 470 555 470
302 382 301 419
430 267 429 246
636 384 637 421
133 376 132 355
276 557 225 556
401 540 399 513
475 404 495 405
208 420 134 420
452 491 451 471
553 378 552 338
225 508 135 507
217 565 216 589
304 562 302 598
511 523 511 545
297 202 220 203
287 491 287 470
302 338 301 376
555 473 635 473
300 377 134 377
469 247 505 246
285 446 286 426
496 449 496 429
461 424 530 425
553 139 633 137
636 473 638 514
353 383 355 581
453 332 453 358
475 493 496 493
555 336 638 336
222 556 135 555
299 508 225 508
286 520 266 519
301 207 300 244
303 426 301 463
459 380 529 381
266 520 266 541
551 118 510 119
558 183 564 161
455 360 454 401
554 424 554 403
216 518 216 541
607 133 628 133
215 339 215 366
531 512 510 511
300 153 301 181
452 156 452 178
506 465 460 465
460 468 531 470
633 516 555 515
465 144 485 144
458 336 531 336
634 567 556 566
235 253 215 254
529 332 509 332
510 142 531 142
507 246 530 246
528 198 508 198
656 241 659 215
732 486 689 482
636 203 636 234
326 110 342 126
459 291 530 291
502 421 460 421
459 561 531 565
603 135 581 135
634 378 555 378
266 492 286 491
508 201 528 201
528 242 458 244
24 563 0 571
335 128 321 114
351 315 303 315
396 156 368 156
456 545 455 588
474 251 473 273
506 377 460 377
531 561 510 561
237 404 237 384
265 340 265 360
440 148 420 148
530 287 509 288
236 383 216 385
285 231 285 208
451 225 400 225
506 510 460 509
531 467 510 467
235 186 235 166
302 470 302 506
477 586 497 588
0 367 61 367
370 152 396 152
458 202 505 202
21 517 0 522
87 367 130 366
249 544 250 523
352 157 352 180
475 523 475 543
460 513 531 515
627 124 606 124
352 539 304 539
235 166 214 166
354 179 356 153
524 388 524 409
474 384 474 406
502 288 459 288
631 132 645 152
321 205 321 226
475 567 475 588
475 449 495 448
455 518 455 541
507 271 507 250
520 206 519 229
266 564 266 584
284 165 263 165
474 295 474 316
530 377 509 377
350 183 324 184
551 405 531 405
504 340 504 366
463 185 464 145
481 55 481 75
505 332 458 332
264 208 264 230
329 181 329 160
452 359 400 359
529 176 529 196
532 153 534 174
570 276 571 253
416 565 416 586
432 181 395 181
483 199 456 199
730 493 697 546
263 165 264 185
496 428 475 429
22 547 0 553
286 274 286 253
397 186 371 187
473 207 473 228
659 251 638 243
236 232 235 210
455 470 455 491
475 18 343 21
657 314 657 294
340 103 316 103
351 271 303 271
367 167 366 195
661 446 661 474
349 227 301 227
522 229 523 208
351 359 303 359
451 314 400 315
527 410 527 388
570 597 569 575
636 248 636 276
26 542 4 541
201 432 207 455
209 451 203 432
452 404 401 404
507 560 459 559
483 76 483 56
474 427 474 450
236 274 236 253
551 359 530 359
293 170 292 190
321 184 301 184
352 491 304 490
584 133 604 133
522 432 523 459
393 292 393 313
501 569 502 591
459 463 458 426
569 252 566 274
214 209 215 230
494 361 494 340
351 403 304 403
36 382 0 382
461 121 440 121
130 364 104 363
452 449 401 449
459 377 458 355
459 420 457 384
20 502 0 509
489 98 489 31
527 181 509 190
523 295 524 316
295 344 292 365
514 113 495 99
455 448 455 469
567 576 566 598
494 339 474 340
660 369 660 400
9 535 50 535
204 476 206 498
352 447 304 447
394 504 394 529
453 493 403 493
396 271 373 271
473 338 474 361
553 451 533 451
509 193 527 185
207 234 205 213
454 588 403 588
1 548 20 543
523 342 521 363
692 486 724 488
62 362 0 364
57 598 100 581
332 584 304 583
553 547 533 547
10 228 10 208
188 272 176 255
294 239 296 213
453 543 431 543
459 543 458 523
294 368 297 344
132 332 132 295
200 394 208 413
524 569 525 590
295 523 293 544
357 375 356 349
560 321 561 295
342 23 342 100
559 295 558 320
659 332 660 355
247 300 247 324
461 269 461 249
635 293 635 314
646 377 649 410
295 389 293 410
101 586 68 598
391 314 368 314
400 130 380 130
654 596 654 574
23 503 55 502
705 523 724 495
113 284 89 284
357 536 357 511
50 499 24 499
130 269 78 269
358 462 357 441
717 592 695 585
437 116 416 116
644 358 645 338
461 231 463 204
468 542 462 519
90 309 125 309
26 360 109 355
69 420 91 419
249 327 250 300
682 229 660 232
646 293 646 326
113 277 89 277
519 278 525 253
638 519 636 545
89 280 114 280
89 272 114 272
177 261 191 280
391 441 371 442
331 512 305 512
646 335 647 358
364 254 363 281
113 291 89 291
368 102 345 103
751 231 751 266
65 310 86 310
88 321 55 321
57 324 89 324
199 196 197 173
398 574 376 574
716 259 716 238
89 302 114 302
463 594 463 569
637 573 636 598
359 170 360 200
90 336 55 336
114 298 88 298
89 287 114 287
634 446 635 466
88 294 114 294
647 253 645 285
102 217 36 218
114 306 88 306
76 343 55 343
77 588 58 595
737 280 737 315
648 421 647 443
648 464 648 486
658 469 658 449
365 472 363 495
464 48 463 21
476 51 475 28
634 339 634 375
