558 226 556 195
200 437 200 351
760 205 700 206
381 351 381 325
201 497 200 440
484 214 485 191
381 306 381 279
381 439 381 378
316 441 315 473
309 541 309 561
35 464 14 464
315 262 314 289
381 275 380 221
697 317 696 294
698 392 697 371
229 179 203 180
446 221 446 201
486 350 485 323
486 380 485 354
487 261 540 260
315 323 315 348
313 320 273 320
203 382 314 382
264 320 198 320
486 442 486 415
203 411 314 412
315 413 315 439
202 195 238 195
314 409 203 408
349 197 316 198
559 422 559 500
201 293 314 293
546 319 488 320
542 257 488 258
232 231 211 231
263 473 299 474
314 234 314 259
547 288 488 289
539 226 486 227
202 234 313 233
289 290 201 291
316 383 315 408
202 323 313 322
316 475 315 500
535 183 504 183
472 229 540 229
487 292 548 291
269 501 209 499
291 194 311 194
540 444 488 443
488 415 541 416
203 473 260 473
250 379 201 379
316 353 315 378
350 310 350 335
489 481 543 482
293 260 200 261
200 264 313 263
316 504 315 530
254 438 203 437
312 349 201 349
255 231 234 231
296 379 263 379
538 171 488 172
202 352 313 352
559 499 559 524
281 530 203 529
240 195 268 194
322 178 280 178
498 188 539 188
203 502 254 503
203 440 314 441
312 290 291 290
359 200 359 228
296 471 263 471
313 438 264 438
556 257 558 238
777 423 777 394
200 347 200 324
698 418 697 396
350 249 350 275
541 479 488 478
489 447 543 447
468 258 436 259
487 323 543 322
540 413 488 413
541 356 542 380
700 244 749 244
699 269 736 269
541 510 489 509
203 531 278 533
488 504 485 483
488 512 541 513
697 291 697 269
260 471 203 470
435 106 355 108
287 533 314 533
433 539 433 561
540 382 488 382
126 476 10 513
422 262 470 261
447 192 483 190
266 178 230 179
489 384 514 384
700 294 738 294
736 241 699 241
315 294 314 319
423 382 469 383
606 428 587 457
274 503 314 504
311 231 256 231
423 292 454 292
736 393 700 392
736 266 699 267
452 410 424 410
746 368 700 367
298 501 269 501
606 424 578 422
697 265 697 244
699 492 697 471
540 351 488 351
488 353 541 353
698 209 758 208
421 232 441 231
484 174 458 175
82 455 42 466
424 442 469 444
701 395 738 395
419 216 399 218
450 350 424 350
699 344 736 344
127 461 108 469
348 308 316 308
423 352 470 353
699 370 736 370
200 198 200 233
108 470 10 499
681 507 681 474
451 440 424 440
423 322 454 322
698 468 697 445
453 504 425 503
759 209 758 230
106 342 151 342
424 475 469 477
669 562 616 561
700 420 738 421
736 292 700 292
28 443 0 449
451 319 423 320
736 317 700 317
171 342 198 342
420 195 395 196
542 417 542 443
699 445 736 446
736 418 700 418
382 536 382 494
424 412 470 413
76 430 143 431
141 353 95 352
416 247 383 247
542 232 542 258
151 468 129 466
698 543 696 519
450 380 423 380
700 470 738 471
125 444 103 450
680 274 679 296
736 342 700 342
416 338 383 338
441 161 443 115
422 176 394 176
289 205 289 226
87 537 68 543
699 572 697 541
452 414 452 439
737 494 700 493
347 248 316 248
541 294 542 316
601 553 679 555
542 447 542 478
701 319 738 319
74 228 54 227
200 317 200 295
758 470 739 464
347 278 316 278
418 277 383 277
680 348 658 347
736 443 700 443
124 435 46 454
737 519 700 518
701 521 738 522
779 520 777 494
422 407 421 385
542 386 543 413
1 555 32 543
115 452 137 449
626 551 673 540
349 460 318 460
737 468 700 468
150 439 125 437
756 201 699 202
700 496 736 496
6 429 48 429
32 433 73 434
451 384 452 404
423 438 423 415
737 544 700 543
178 491 45 542
357 233 358 259
422 501 425 480
701 546 738 547
46 538 150 498
423 194 421 215
578 424 603 426
28 434 0 440
181 500 156 510
343 109 343 161
347 368 318 368
417 524 384 523
676 271 676 248
0 525 35 538
29 548 0 559
416 399 384 399
451 266 451 288
422 472 424 450
423 533 423 508
50 483 121 462
558 345 558 365
116 234 93 234
126 435 146 434
417 429 384 429
51 555 73 555
66 328 91 328
416 369 384 368
781 195 780 216
155 340 125 339
582 251 559 251
155 497 177 488
49 429 74 430
30 489 49 484
349 427 318 427
417 493 385 493
660 553 626 552
27 539 6 530
197 276 166 276
53 426 0 426
178 241 136 242
64 437 33 437
620 252 619 278
171 326 148 326
58 431 33 431
86 431 60 431
642 250 620 251
170 316 149 316
72 445 91 440
243 209 241 229
339 490 318 490
170 311 149 311
610 285 610 308
48 471 73 464
149 319 170 319
542 325 540 348
357 350 356 371
143 519 168 520
359 535 358 556
80 494 126 479
354 497 352 475
627 335 601 336
358 471 358 496
